1.004507e+03 4.965000e+00 1.031000e-01 -1.770000e+02
1.009035e+03 4.965000e+00 1.041000e-01 1.800000e+02
1.013583e+03 4.965000e+00 1.028000e-01 -1.790000e+02
1.018152e+03 4.965000e+00 1.032000e-01 -1.770000e+02
1.022741e+03 4.965000e+00 1.039000e-01 -1.760000e+02
1.027351e+03 4.965000e+00 1.039000e-01 -1.760000e+02
1.031981e+03 4.965000e+00 1.024000e-01 -1.760000e+02
1.036633e+03 4.965000e+00 1.062000e-01 -1.790000e+02
1.041305e+03 4.967000e+00 1.028000e-01 -1.760000e+02
1.045999e+03 4.965000e+00 1.030000e-01 -1.780000e+02
1.050714e+03 4.967000e+00 1.094000e-01 -1.780000e+02
1.055450e+03 4.965000e+00 1.028000e-01 -1.780000e+02
1.060207e+03 4.965000e+00 1.048000e-01 -1.760000e+02
1.064986e+03 4.965000e+00 1.070000e-01 -1.720000e+02
1.069786e+03 4.965000e+00 1.029000e-01 -1.770000e+02
1.074608e+03 4.965000e+00 1.052000e-01 -1.770000e+02
1.079451e+03 4.967000e+00 1.038000e-01 1.800000e+02
1.084317e+03 4.965000e+00 1.017000e-01 -1.760000e+02
1.089204e+03 4.965000e+00 1.061000e-01 -1.750000e+02
1.094114e+03 4.967000e+00 1.032000e-01 -1.770000e+02
1.099045e+03 4.967000e+00 1.102000e-01 -1.750000e+02
1.103999e+03 4.967000e+00 1.093000e-01 -1.720000e+02
1.108975e+03 4.967000e+00 1.050000e-01 -1.740000e+02
1.113974e+03 4.967000e+00 1.107000e-01 1.770000e+02
1.118995e+03 4.965000e+00 1.089000e-01 1.810000e+02
1.124039e+03 4.967000e+00 1.101000e-01 1.810000e+02
1.129105e+03 4.965000e+00 1.055000e-01 -1.750000e+02
1.134194e+03 4.967000e+00 1.089000e-01 1.770000e+02
1.139307e+03 4.962000e+00 1.104000e-01 1.770000e+02
1.144442e+03 4.965000e+00 1.053000e-01 -1.790000e+02
1.149600e+03 4.967000e+00 1.072000e-01 1.790000e+02
1.154782e+03 4.965000e+00 1.067000e-01 -1.750000e+02
1.159987e+03 4.965000e+00 1.045000e-01 -1.780000e+02
1.165215e+03 4.965000e+00 1.113000e-01 1.780000e+02
1.170468e+03 4.965000e+00 1.083000e-01 -1.750000e+02
1.175743e+03 4.965000e+00 1.062000e-01 -1.750000e+02
1.181043e+03 4.965000e+00 1.066000e-01 -1.750000e+02
1.186366e+03 4.962000e+00 1.042000e-01 -1.770000e+02
1.191714e+03 4.965000e+00 1.052000e-01 -1.750000e+02
1.197085e+03 4.965000e+00 1.087000e-01 1.780000e+02
1.202481e+03 4.965000e+00 1.059000e-01 1.800000e+02
1.207901e+03 4.965000e+00 1.073000e-01 -1.740000e+02
1.213345e+03 4.965000e+00 1.065000e-01 -1.750000e+02
1.218814e+03 4.965000e+00 1.048000e-01 -1.770000e+02
1.224308e+03 4.965000e+00 1.090000e-01 1.780000e+02
1.229826e+03 4.965000e+00 1.051000e-01 -1.770000e+02
1.235370e+03 4.965000e+00 1.082000e-01 1.810000e+02
1.240938e+03 4.965000e+00 1.078000e-01 -1.720000e+02
1.246531e+03 4.965000e+00 1.040000e-01 -1.790000e+02
1.252150e+03 4.962000e+00 1.048000e-01 -1.740000e+02
1.257794e+03 4.962000e+00 1.106000e-01 -1.790000e+02
1.263463e+03 4.962000e+00 1.069000e-01 1.800000e+02
1.269158e+03 4.962000e+00 1.074000e-01 1.800000e+02
1.274878e+03 4.962000e+00 1.085000e-01 1.810000e+02
1.280625e+03 4.962000e+00 1.069000e-01 -1.740000e+02
1.286397e+03 4.962000e+00 1.044000e-01 -1.750000e+02
1.292195e+03 4.962000e+00 1.093000e-01 -1.720000e+02
1.298020e+03 4.962000e+00 1.082000e-01 -1.720000e+02
1.303870e+03 4.962000e+00 1.088000e-01 -1.730000e+02
1.309747e+03 4.960000e+00 1.073000e-01 -1.800000e+02
1.315651e+03 4.962000e+00 1.097000e-01 -1.710000e+02
1.321581e+03 4.960000e+00 1.105000e-01 1.800000e+02
1.327538e+03 4.962000e+00 1.041000e-01 -1.740000e+02
1.333521e+03 4.962000e+00 1.072000e-01 -1.750000e+02
1.339532e+03 4.962000e+00 1.086000e-01 1.800000e+02
1.345570e+03 4.962000e+00 1.069000e-01 -1.750000e+02
1.351635e+03 4.960000e+00 1.053000e-01 -1.770000e+02
1.357727e+03 4.960000e+00 1.076000e-01 1.800000e+02
1.363847e+03 4.962000e+00 1.095000e-01 -1.790000e+02
1.369994e+03 4.962000e+00 1.062000e-01 -1.800000e+02
1.376169e+03 4.960000e+00 1.048000e-01 -1.740000e+02
1.382372e+03 4.960000e+00 1.045000e-01 -1.740000e+02
1.388603e+03 4.960000e+00 1.031000e-01 -1.770000e+02
1.394862e+03 4.960000e+00 1.090000e-01 1.820000e+02
1.401149e+03 4.960000e+00 1.110000e-01 1.780000e+02
1.407465e+03 4.960000e+00 1.089000e-01 1.800000e+02
1.413809e+03 4.960000e+00 1.050000e-01 -1.730000e+02
1.420181e+03 4.960000e+00 1.080000e-01 -1.720000e+02
1.426582e+03 4.960000e+00 1.098000e-01 1.800000e+02
1.433013e+03 4.960000e+00 1.081000e-01 -1.710000e+02
1.439472e+03 4.960000e+00 1.085000e-01 -1.760000e+02
1.445960e+03 4.960000e+00 1.023000e-01 -1.780000e+02
1.452477e+03 4.962000e+00 1.095000e-01 -1.780000e+02
1.459024e+03 4.962000e+00 1.053000e-01 1.800000e+02
1.465601e+03 4.960000e+00 1.044000e-01 -1.750000e+02
1.472207e+03 4.960000e+00 1.098000e-01 -1.800000e+02
1.478842e+03 4.960000e+00 1.029000e-01 -1.770000e+02
1.485508e+03 4.960000e+00 1.088000e-01 -1.710000e+02
1.492204e+03 4.960000e+00 1.086000e-01 -1.710000e+02
1.498930e+03 4.960000e+00 1.047000e-01 -1.760000e+02
1.505686e+03 4.960000e+00 1.091000e-01 -1.700000e+02
1.512473e+03 4.960000e+00 1.083000e-01 -1.700000e+02
1.519290e+03 4.960000e+00 1.066000e-01 -1.720000e+02
1.526138e+03 4.960000e+00 1.104000e-01 1.790000e+02
1.533017e+03 4.960000e+00 1.066000e-01 -1.720000e+02
1.539927e+03 4.960000e+00 1.027000e-01 -1.770000e+02
1.546868e+03 4.960000e+00 1.096000e-01 1.790000e+02
1.553840e+03 4.960000e+00 1.072000e-01 -1.760000e+02
1.560844e+03 4.960000e+00 1.088000e-01 -1.740000e+02
1.567879e+03 4.960000e+00 1.048000e-01 -1.750000e+02
1.574946e+03 4.960000e+00 1.052000e-01 1.810000e+02
1.582045e+03 4.960000e+00 1.051000e-01 -1.760000e+02
1.589176e+03 4.957000e+00 1.008000e-01 -1.750000e+02
1.596339e+03 4.960000e+00 1.063000e-01 -1.770000e+02
1.603534e+03 4.960000e+00 1.091000e-01 -1.800000e+02
1.610762e+03 4.960000e+00 1.087000e-01 -1.740000e+02
1.618022e+03 4.960000e+00 1.061000e-01 -1.740000e+02
1.625315e+03 4.957000e+00 1.033000e-01 -1.730000e+02
1.632641e+03 4.960000e+00 1.061000e-01 -1.760000e+02
1.640000e+03 4.957000e+00 1.069000e-01 1.800000e+02
1.647392e+03 4.960000e+00 1.067000e-01 -1.760000e+02
1.654817e+03 4.960000e+00 1.088000e-01 1.800000e+02
1.662276e+03 4.957000e+00 1.067000e-01 -1.790000e+02
1.669768e+03 4.957000e+00 1.090000e-01 -1.700000e+02
1.677295e+03 4.957000e+00 1.013000e-01 -1.760000e+02
1.684855e+03 4.957000e+00 1.042000e-01 -1.770000e+02
1.692449e+03 4.957000e+00 1.098000e-01 -1.750000e+02
1.700078e+03 4.957000e+00 1.060000e-01 -1.770000e+02
1.707740e+03 4.957000e+00 1.060000e-01 -1.790000e+02
1.715438e+03 4.960000e+00 1.075000e-01 -1.750000e+02
1.723170e+03 4.960000e+00 1.058000e-01 -1.790000e+02
1.730937e+03 4.960000e+00 1.086000e-01 -1.780000e+02
1.738739e+03 4.955000e+00 1.054000e-01 -1.750000e+02
1.746576e+03 4.957000e+00 1.035000e-01 -1.760000e+02
1.754449e+03 4.960000e+00 1.081000e-01 1.780000e+02
1.762356e+03 4.957000e+00 1.015000e-01 -1.750000e+02
1.770300e+03 4.957000e+00 1.011000e-01 -1.760000e+02
1.778279e+03 4.955000e+00 1.054000e-01 -1.780000e+02
1.786295e+03 4.957000e+00 1.045000e-01 -1.770000e+02
1.794346e+03 4.957000e+00 1.096000e-01 -1.690000e+02
1.802434e+03 4.957000e+00 1.030000e-01 -1.740000e+02
1.810558e+03 4.955000e+00 1.052000e-01 -1.730000e+02
1.818719e+03 4.955000e+00 1.018000e-01 -1.760000e+02
1.826917e+03 4.955000e+00 1.068000e-01 -1.740000e+02
1.835151e+03 4.955000e+00 1.049000e-01 -1.770000e+02
1.843423e+03 4.955000e+00 1.035000e-01 -1.740000e+02
1.851732e+03 4.955000e+00 1.043000e-01 -1.710000e+02
1.860078e+03 4.955000e+00 1.032000e-01 -1.780000e+02
1.868462e+03 4.955000e+00 1.045000e-01 -1.780000e+02
1.876884e+03 4.955000e+00 1.040000e-01 -1.730000e+02
1.885344e+03 4.955000e+00 1.022000e-01 -1.750000e+02
1.893842e+03 4.955000e+00 1.041000e-01 -1.730000e+02
1.902378e+03 4.955000e+00 1.045000e-01 -1.730000e+02
1.910953e+03 4.957000e+00 1.027000e-01 -1.770000e+02
1.919566e+03 4.957000e+00 1.058000e-01 -1.780000e+02
1.928219e+03 4.955000e+00 1.017000e-01 -1.760000e+02
1.936910e+03 4.957000e+00 1.028000e-01 -1.770000e+02
1.945640e+03 4.955000e+00 1.092000e-01 1.820000e+02
1.954410e+03 4.955000e+00 1.040000e-01 -1.760000e+02
1.963219e+03 4.955000e+00 1.044000e-01 -1.750000e+02
1.972068e+03 4.955000e+00 1.083000e-01 -1.740000e+02
1.980957e+03 4.955000e+00 1.087000e-01 -1.740000e+02
1.989886e+03 4.955000e+00 1.027000e-01 -1.750000e+02
1.998855e+03 4.952000e+00 1.030000e-01 -1.760000e+02
2.007864e+03 4.957000e+00 1.022000e-01 -1.730000e+02
2.016915e+03 4.955000e+00 1.027000e-01 -1.750000e+02
2.026006e+03 4.955000e+00 1.034000e-01 -1.730000e+02
2.035137e+03 4.955000e+00 1.019000e-01 -1.730000e+02
2.044311e+03 4.955000e+00 1.015000e-01 -1.750000e+02
2.053525e+03 4.955000e+00 1.037000e-01 -1.740000e+02
2.062781e+03 4.952000e+00 1.024000e-01 -1.750000e+02
2.072079e+03 4.955000e+00 1.022000e-01 -1.760000e+02
2.081418e+03 4.955000e+00 1.043000e-01 -1.750000e+02
2.090800e+03 4.955000e+00 1.021000e-01 -1.730000e+02
2.100224e+03 4.955000e+00 1.102000e-01 -1.760000e+02
2.109691e+03 4.955000e+00 1.109000e-01 -1.770000e+02
2.119200e+03 4.955000e+00 1.096000e-01 -1.770000e+02
2.128752e+03 4.955000e+00 1.096000e-01 -1.700000e+02
2.138347e+03 4.952000e+00 1.099000e-01 -1.690000e+02
2.147985e+03 4.955000e+00 1.061000e-01 -1.710000e+02
2.157667e+03 4.952000e+00 1.070000e-01 -1.720000e+02
2.167392e+03 4.955000e+00 1.091000e-01 -1.690000e+02
2.177161e+03 4.952000e+00 1.093000e-01 -1.730000e+02
2.186975e+03 4.952000e+00 1.079000e-01 -1.790000e+02
2.196832e+03 4.952000e+00 1.064000e-01 -1.710000e+02
2.206734e+03 4.952000e+00 1.106000e-01 -1.670000e+02
2.216681e+03 4.950000e+00 1.072000e-01 -1.700000e+02
2.226672e+03 4.952000e+00 1.103000e-01 -1.680000e+02
2.236708e+03 4.952000e+00 1.091000e-01 -1.690000e+02
2.246790e+03 4.952000e+00 1.102000e-01 -1.760000e+02
2.256917e+03 4.950000e+00 1.095000e-01 -1.690000e+02
2.267090e+03 4.952000e+00 1.102000e-01 -1.780000e+02
2.277309e+03 4.952000e+00 1.103000e-01 -1.790000e+02
2.287573e+03 4.952000e+00 1.106000e-01 -1.700000e+02
2.297884e+03 4.952000e+00 1.073000e-01 -1.770000e+02
2.308242e+03 4.950000e+00 1.108000e-01 -1.740000e+02
2.318646e+03 4.950000e+00 1.064000e-01 -1.760000e+02
2.329097e+03 4.950000e+00 1.065000e-01 -1.700000e+02
2.339595e+03 4.950000e+00 1.107000e-01 -1.770000e+02
2.350140e+03 4.950000e+00 1.076000e-01 -1.740000e+02
2.360733e+03 4.950000e+00 1.104000e-01 -1.680000e+02
2.371374e+03 4.950000e+00 1.103000e-01 1.800000e+02
2.382062e+03 4.950000e+00 1.047000e-01 -1.710000e+02
2.392799e+03 4.950000e+00 1.089000e-01 -1.690000e+02
2.403584e+03 4.950000e+00 1.101000e-01 -1.730000e+02
2.414418e+03 4.950000e+00 1.105000e-01 -1.740000e+02
2.425301e+03 4.950000e+00 1.043000e-01 -1.730000e+02
2.436233e+03 4.950000e+00 1.091000e-01 -1.690000e+02
2.447214e+03 4.950000e+00 1.077000e-01 -1.690000e+02
2.458244e+03 4.950000e+00 1.081000e-01 -1.720000e+02
2.469324e+03 4.950000e+00 1.103000e-01 -1.670000e+02
2.480454e+03 4.950000e+00 1.076000e-01 -1.710000e+02
2.491635e+03 4.950000e+00 1.090000e-01 -1.710000e+02
2.502865e+03 4.950000e+00 1.059000e-01 -1.700000e+02
2.514147e+03 4.950000e+00 1.075000e-01 -1.720000e+02
2.525479e+03 4.950000e+00 1.089000e-01 -1.730000e+02
2.536862e+03 4.950000e+00 1.086000e-01 -1.720000e+02
2.548297e+03 4.947000e+00 1.065000e-01 -1.690000e+02
2.559783e+03 4.947000e+00 1.070000e-01 -1.770000e+02
2.571321e+03 4.947000e+00 1.106000e-01 -1.740000e+02
2.582911e+03 4.947000e+00 1.093000e-01 -1.750000e+02
2.594553e+03 4.947000e+00 1.091000e-01 -1.720000e+02
2.606247e+03 4.947000e+00 1.078000e-01 -1.780000e+02
2.617995e+03 4.950000e+00 1.098000e-01 -1.730000e+02
2.629795e+03 4.950000e+00 1.065000e-01 -1.770000e+02
2.641648e+03 4.947000e+00 1.063000e-01 -1.770000e+02
2.653555e+03 4.947000e+00 1.065000e-01 -1.700000e+02
2.665516e+03 4.947000e+00 1.096000e-01 -1.700000e+02
2.677530e+03 4.947000e+00 1.083000e-01 -1.750000e+02
2.689599e+03 4.947000e+00 1.103000e-01 -1.730000e+02
2.701722e+03 4.947000e+00 1.057000e-01 -1.750000e+02
2.713899e+03 4.947000e+00 1.067000e-01 -1.760000e+02
2.726132e+03 4.947000e+00 1.082000e-01 -1.730000e+02
2.738420e+03 4.947000e+00 1.047000e-01 -1.720000e+02
2.750763e+03 4.945000e+00 1.067000e-01 -1.760000e+02
2.763161e+03 4.947000e+00 1.092000e-01 -1.720000e+02
2.775616e+03 4.947000e+00 1.082000e-01 -1.740000e+02
2.788127e+03 4.947000e+00 1.083000e-01 -1.660000e+02
2.800694e+03 4.947000e+00 1.095000e-01 -1.690000e+02
2.813318e+03 4.947000e+00 1.075000e-01 -1.760000e+02
2.825998e+03 4.947000e+00 1.090000e-01 -1.690000e+02
2.838736e+03 4.945000e+00 1.072000e-01 -1.690000e+02
2.851531e+03 4.945000e+00 1.092000e-01 -1.670000e+02
2.864384e+03 4.945000e+00 1.079000e-01 -1.700000e+02
2.877295e+03 4.947000e+00 1.059000e-01 -1.750000e+02
2.890264e+03 4.945000e+00 1.014000e-01 -1.720000e+02
2.903291e+03 4.945000e+00 1.078000e-01 -1.690000e+02
2.916378e+03 4.945000e+00 1.067000e-01 -1.760000e+02
2.929523e+03 4.945000e+00 1.090000e-01 -1.750000e+02
2.942727e+03 4.945000e+00 1.033000e-01 -1.730000e+02
2.955991e+03 4.945000e+00 1.091000e-01 -1.710000e+02
2.969315e+03 4.945000e+00 1.092000e-01 -1.710000e+02
2.982699e+03 4.945000e+00 1.085000e-01 -1.730000e+02
2.996143e+03 4.945000e+00 1.047000e-01 -1.700000e+02
3.009647e+03 4.945000e+00 1.092000e-01 -1.670000e+02
3.023213e+03 4.945000e+00 1.096000e-01 -1.730000e+02
3.036840e+03 4.945000e+00 1.079000e-01 -1.750000e+02
3.050528e+03 4.945000e+00 1.068000e-01 -1.690000e+02
3.064278e+03 4.945000e+00 1.079000e-01 -1.690000e+02
3.078090e+03 4.945000e+00 1.080000e-01 -1.680000e+02
3.091964e+03 4.945000e+00 1.088000e-01 -1.760000e+02
3.105900e+03 4.945000e+00 1.087000e-01 -1.670000e+02
3.119900e+03 4.945000e+00 1.047000e-01 -1.680000e+02
3.133962e+03 4.945000e+00 1.093000e-01 -1.680000e+02
3.148088e+03 4.942000e+00 1.078000e-01 -1.720000e+02
3.162278e+03 4.942000e+00 1.066000e-01 -1.680000e+02
3.176531e+03 4.942000e+00 1.063000e-01 -1.700000e+02
3.190849e+03 4.942000e+00 1.033000e-01 -1.690000e+02
3.205231e+03 4.942000e+00 1.036000e-01 -1.740000e+02
3.219678e+03 4.940000e+00 1.061000e-01 -1.670000e+02
3.234191e+03 4.942000e+00 1.089000e-01 -1.730000e+02
3.248768e+03 4.942000e+00 1.062000e-01 -1.750000e+02
3.263412e+03 4.942000e+00 1.061000e-01 -1.730000e+02
3.278121e+03 4.942000e+00 1.075000e-01 -1.730000e+02
3.292897e+03 4.940000e+00 1.067000e-01 -1.740000e+02
3.307739e+03 4.942000e+00 1.047000e-01 -1.740000e+02
3.322648e+03 4.942000e+00 1.018000e-01 -1.720000e+02
3.337625e+03 4.942000e+00 1.037000e-01 -1.710000e+02
3.352669e+03 4.942000e+00 1.067000e-01 -1.710000e+02
3.367780e+03 4.940000e+00 1.073000e-01 -1.680000e+02
3.382960e+03 4.940000e+00 1.028000e-01 -1.690000e+02
3.398208e+03 4.940000e+00 1.083000e-01 -1.670000e+02
3.413525e+03 4.940000e+00 1.074000e-01 -1.730000e+02
3.428911e+03 4.940000e+00 1.071000e-01 -1.740000e+02
3.444367e+03 4.942000e+00 1.095000e-01 -1.700000e+02
3.459892e+03 4.940000e+00 1.076000e-01 -1.720000e+02
3.475487e+03 4.940000e+00 1.065000e-01 -1.740000e+02
3.491152e+03 4.940000e+00 1.051000e-01 -1.730000e+02
3.506888e+03 4.940000e+00 1.051000e-01 -1.730000e+02
3.522695e+03 4.940000e+00 1.052000e-01 -1.680000e+02
3.538573e+03 4.940000e+00 1.021000e-01 -1.710000e+02
3.554522e+03 4.940000e+00 1.027000e-01 -1.720000e+02
3.570544e+03 4.940000e+00 1.055000e-01 -1.720000e+02
3.586638e+03 4.940000e+00 1.080000e-01 -1.680000e+02
3.602804e+03 4.940000e+00 1.077000e-01 -1.740000e+02
3.619043e+03 4.940000e+00 1.060000e-01 -1.720000e+02
3.635355e+03 4.940000e+00 1.073000e-01 -1.710000e+02
3.651741e+03 4.940000e+00 1.077000e-01 -1.740000e+02
3.668201e+03 4.940000e+00 1.031000e-01 -1.730000e+02
3.684735e+03 4.940000e+00 1.043000e-01 -1.710000e+02
3.701343e+03 4.940000e+00 1.027000e-01 -1.680000e+02
3.718027e+03 4.940000e+00 1.045000e-01 -1.690000e+02
3.734785e+03 4.940000e+00 1.040000e-01 -1.720000e+02
3.751619e+03 4.940000e+00 1.031000e-01 -1.710000e+02
3.768529e+03 4.937000e+00 1.041000e-01 -1.700000e+02
3.785515e+03 4.940000e+00 1.029000e-01 -1.690000e+02
3.802578e+03 4.937000e+00 1.042000e-01 -1.680000e+02
3.819718e+03 4.937000e+00 9.950000e-02 -1.700000e+02
3.836934e+03 4.937000e+00 1.075000e-01 -1.670000e+02
3.854229e+03 4.940000e+00 1.013000e-01 -1.690000e+02
3.871601e+03 4.937000e+00 1.044000e-01 -1.690000e+02
3.889052e+03 4.940000e+00 1.014000e-01 -1.690000e+02
3.906581e+03 4.937000e+00 1.028000e-01 -1.710000e+02
3.924190e+03 4.940000e+00 1.059000e-01 -1.690000e+02
3.941878e+03 4.940000e+00 1.035000e-01 -1.700000e+02
3.959645e+03 4.937000e+00 1.039000e-01 -1.660000e+02
3.977493e+03 4.937000e+00 1.042000e-01 -1.710000e+02
3.995421e+03 4.940000e+00 1.023000e-01 -1.700000e+02
4.013429e+03 4.940000e+00 1.026000e-01 -1.710000e+02
4.031519e+03 4.937000e+00 1.051000e-01 -1.670000e+02
4.049691e+03 4.937000e+00 1.027000e-01 -1.710000e+02
4.067944e+03 4.937000e+00 1.050000e-01 -1.720000e+02
4.086280e+03 4.940000e+00 1.007000e-01 -1.690000e+02
4.104698e+03 4.937000e+00 1.037000e-01 -1.690000e+02
4.123200e+03 4.937000e+00 1.041000e-01 -1.710000e+02
4.141785e+03 4.937000e+00 1.041000e-01 -1.690000e+02
4.160453e+03 4.937000e+00 1.029000e-01 -1.690000e+02
4.179206e+03 4.937000e+00 1.038000e-01 -1.700000e+02
4.198043e+03 4.935000e+00 1.000000e-01 -1.690000e+02
4.216965e+03 4.937000e+00 9.980000e-02 -1.680000e+02
4.235972e+03 4.937000e+00 1.001000e-01 -1.680000e+02
4.255066e+03 4.937000e+00 9.950000e-02 -1.680000e+02
4.274245e+03 4.937000e+00 1.008000e-01 -1.660000e+02
4.293510e+03 4.935000e+00 1.003000e-01 -1.680000e+02
4.312863e+03 4.935000e+00 9.910000e-02 -1.680000e+02
4.332302e+03 4.937000e+00 1.003000e-01 -1.680000e+02
4.351830e+03 4.937000e+00 9.940000e-02 -1.670000e+02
4.371445e+03 4.935000e+00 9.950000e-02 -1.670000e+02
4.391149e+03 4.935000e+00 9.990000e-02 -1.670000e+02
4.410941e+03 4.935000e+00 1.011000e-01 -1.670000e+02
4.430823e+03 4.937000e+00 1.002000e-01 -1.690000e+02
4.450794e+03 4.937000e+00 9.890000e-02 -1.670000e+02
4.470855e+03 4.937000e+00 9.900000e-02 -1.680000e+02
4.491007e+03 4.935000e+00 9.920000e-02 -1.670000e+02
4.511250e+03 4.935000e+00 1.010000e-01 -1.680000e+02
4.531584e+03 4.935000e+00 1.001000e-01 -1.680000e+02
4.552009e+03 4.935000e+00 9.980000e-02 -1.660000e+02
4.572527e+03 4.935000e+00 9.930000e-02 -1.660000e+02
4.593137e+03 4.935000e+00 1.002000e-01 -1.670000e+02
4.613840e+03 4.935000e+00 1.015000e-01 -1.700000e+02
4.634636e+03 4.935000e+00 1.002000e-01 -1.700000e+02
4.655526e+03 4.935000e+00 1.004000e-01 -1.700000e+02
4.676510e+03 4.935000e+00 9.950000e-02 -1.700000e+02
4.697589e+03 4.935000e+00 1.002000e-01 -1.700000e+02
4.718763e+03 4.937000e+00 9.970000e-02 -1.700000e+02
4.740032e+03 4.935000e+00 9.900000e-02 -1.700000e+02
4.761397e+03 4.902000e+00 9.920000e-02 -1.700000e+02
4.782858e+03 4.935000e+00 9.880000e-02 -1.700000e+02
4.804416e+03 4.935000e+00 9.980000e-02 -1.600000e+02
4.826071e+03 4.935000e+00 9.910000e-02 -1.700000e+02
4.847824e+03 4.935000e+00 9.990000e-02 -1.700000e+02
4.869675e+03 4.935000e+00 9.960000e-02 -1.700000e+02
4.891625e+03 4.935000e+00 9.930000e-02 -1.700000e+02
4.913673e+03 4.935000e+00 9.850000e-02 -1.700000e+02
4.935821e+03 4.935000e+00 1.000000e-01 -1.700000e+02
4.958068e+03 4.935000e+00 9.890000e-02 -1.700000e+02
4.980416e+03 4.935000e+00 9.950000e-02 -1.600000e+02
5.002865e+03 4.935000e+00 9.900000e-02 -1.650000e+02
5.025414e+03 4.935000e+00 9.920000e-02 -1.650000e+02
5.048066e+03 4.935000e+00 9.910000e-02 -1.670000e+02
5.070819e+03 4.935000e+00 9.950000e-02 -1.660000e+02
5.093675e+03 4.935000e+00 9.940000e-02 -1.660000e+02
5.116634e+03 4.935000e+00 9.870000e-02 -1.670000e+02
5.139697e+03 4.935000e+00 9.880000e-02 -1.650000e+02
5.162863e+03 4.935000e+00 9.870000e-02 -1.660000e+02
5.186134e+03 4.935000e+00 9.940000e-02 -1.660000e+02
5.209510e+03 4.935000e+00 9.990000e-02 -1.650000e+02
5.232991e+03 4.902000e+00 9.900000e-02 -1.650000e+02
5.256578e+03 4.935000e+00 9.840000e-02 -1.650000e+02
5.280271e+03 4.932000e+00 9.820000e-02 -1.640000e+02
5.304072e+03 4.935000e+00 9.910000e-02 -1.660000e+02
5.327979e+03 4.935000e+00 9.840000e-02 -1.650000e+02
5.351994e+03 4.935000e+00 9.810000e-02 -1.650000e+02
5.376117e+03 4.935000e+00 9.850000e-02 -1.650000e+02
5.400350e+03 4.935000e+00 9.930000e-02 -1.630000e+02
5.424691e+03 4.905000e+00 9.870000e-02 -1.650000e+02
5.449142e+03 4.905000e+00 9.860000e-02 -1.660000e+02
5.473703e+03 4.902000e+00 9.820000e-02 -1.650000e+02
5.498375e+03 4.902000e+00 9.910000e-02 -1.640000e+02
5.523158e+03 4.902000e+00 9.880000e-02 -1.640000e+02
5.548053e+03 4.902000e+00 9.880000e-02 -1.640000e+02
5.573060e+03 4.902000e+00 9.810000e-02 -1.650000e+02
5.598180e+03 4.902000e+00 9.760000e-02 -1.640000e+02
5.623413e+03 4.902000e+00 9.770000e-02 -1.650000e+02
5.648760e+03 4.902000e+00 9.840000e-02 -1.640000e+02
5.674221e+03 4.902000e+00 9.850000e-02 -1.640000e+02
5.699797e+03 4.902000e+00 9.880000e-02 -1.640000e+02
5.725488e+03 4.902000e+00 9.900000e-02 -1.660000e+02
5.751295e+03 4.902000e+00 9.810000e-02 -1.650000e+02
5.777218e+03 4.902000e+00 9.830000e-02 -1.630000e+02
5.803258e+03 4.902000e+00 9.810000e-02 -1.650000e+02
5.829415e+03 4.902000e+00 9.780000e-02 -1.630000e+02
5.855691e+03 4.902000e+00 9.820000e-02 -1.640000e+02
5.882084e+03 4.902000e+00 9.780000e-02 -1.640000e+02
5.908597e+03 4.902000e+00 9.820000e-02 -1.640000e+02
5.935229e+03 4.902000e+00 9.770000e-02 -1.640000e+02
5.961982e+03 4.902000e+00 9.830000e-02 -1.640000e+02
5.988854e+03 4.902000e+00 9.710000e-02 -1.640000e+02
6.015848e+03 4.902000e+00 9.780000e-02 -1.640000e+02
6.042964e+03 4.902000e+00 9.760000e-02 -1.630000e+02
6.070202e+03 4.902000e+00 9.750000e-02 -1.630000e+02
6.097562e+03 4.902000e+00 9.750000e-02 -1.620000e+02
6.125046e+03 4.902000e+00 9.790000e-02 -1.640000e+02
6.152654e+03 4.902000e+00 9.780000e-02 -1.630000e+02
6.180386e+03 4.902000e+00 9.810000e-02 -1.640000e+02
6.208244e+03 4.902000e+00 9.690000e-02 -1.620000e+02
6.236226e+03 4.902000e+00 9.740000e-02 -1.630000e+02
6.264335e+03 4.902000e+00 9.800000e-02 -1.630000e+02
6.292571e+03 4.902000e+00 9.710000e-02 -1.630000e+02
6.320934e+03 4.902000e+00 9.740000e-02 -1.630000e+02
6.349425e+03 4.902000e+00 9.720000e-02 -1.630000e+02
6.378044e+03 4.899000e+00 9.660000e-02 -1.630000e+02
6.406792e+03 4.902000e+00 9.680000e-02 -1.620000e+02
6.435670e+03 4.902000e+00 9.730000e-02 -1.630000e+02
6.464678e+03 4.899000e+00 9.710000e-02 -1.620000e+02
6.493816e+03 4.899000e+00 9.670000e-02 -1.620000e+02
6.523086e+03 4.899000e+00 9.750000e-02 -1.620000e+02
6.552488e+03 4.902000e+00 9.720000e-02 -1.620000e+02
6.582023e+03 4.902000e+00 9.680000e-02 -1.630000e+02
6.611690e+03 4.899000e+00 9.710000e-02 -1.620000e+02
6.641492e+03 4.902000e+00 9.670000e-02 -1.610000e+02
6.671427e+03 4.899000e+00 9.630000e-02 -1.620000e+02
6.701498e+03 4.899000e+00 9.670000e-02 -1.620000e+02
6.731704e+03 4.902000e+00 9.670000e-02 -1.610000e+02
6.762046e+03 4.899000e+00 9.690000e-02 -1.600000e+02
6.792525e+03 4.899000e+00 9.640000e-02 -1.610000e+02
6.823141e+03 4.899000e+00 9.610000e-02 -1.610000e+02
6.853896e+03 4.899000e+00 9.640000e-02 -1.610000e+02
6.884789e+03 4.899000e+00 9.620000e-02 -1.610000e+02
6.915821e+03 4.899000e+00 9.650000e-02 -1.630000e+02
6.946993e+03 4.902000e+00 9.730000e-02 -1.600000e+02
6.978306e+03 4.899000e+00 9.660000e-02 -1.610000e+02
7.009760e+03 4.902000e+00 9.630000e-02 -1.610000e+02
7.041355e+03 4.899000e+00 9.610000e-02 -1.610000e+02
7.073093e+03 4.899000e+00 9.700000e-02 -1.600000e+02
7.104974e+03 4.899000e+00 9.640000e-02 -1.610000e+02
7.136999e+03 4.899000e+00 9.620000e-02 -1.610000e+02
7.169168e+03 4.902000e+00 9.630000e-02 -1.610000e+02
7.201482e+03 4.902000e+00 9.580000e-02 -1.600000e+02
7.233942e+03 4.899000e+00 9.620000e-02 -1.610000e+02
7.266548e+03 4.899000e+00 9.570000e-02 -1.600000e+02
7.299301e+03 4.899000e+00 9.550000e-02 -1.610000e+02
7.332201e+03 4.899000e+00 9.670000e-02 -1.600000e+02
7.365250e+03 4.899000e+00 9.520000e-02 -1.600000e+02
7.398448e+03 4.899000e+00 9.680000e-02 -1.600000e+02
7.431795e+03 4.899000e+00 9.550000e-02 -1.600000e+02
7.465293e+03 4.899000e+00 9.540000e-02 -1.600000e+02
7.498942e+03 4.902000e+00 9.580000e-02 -1.600000e+02
7.532743e+03 4.899000e+00 9.660000e-02 -1.600000e+02
7.566695e+03 4.899000e+00 9.570000e-02 -1.600000e+02
7.600801e+03 4.899000e+00 9.570000e-02 -1.600000e+02
7.635061e+03 4.899000e+00 9.600000e-02 -1.590000e+02
7.669475e+03 4.899000e+00 9.530000e-02 -1.590000e+02
7.704044e+03 4.899000e+00 9.610000e-02 -1.590000e+02
7.738769e+03 4.899000e+00 9.560000e-02 -1.590000e+02
7.773650e+03 4.899000e+00 9.580000e-02 -1.590000e+02
7.808689e+03 4.899000e+00 9.540000e-02 -1.580000e+02
7.843886e+03 4.899000e+00 9.540000e-02 -1.570000e+02
7.879241e+03 4.899000e+00 9.520000e-02 -1.590000e+02
7.914755e+03 4.899000e+00 9.470000e-02 -1.580000e+02
7.950430e+03 4.899000e+00 9.450000e-02 -1.580000e+02
7.986266e+03 4.899000e+00 9.420000e-02 -1.580000e+02
8.022263e+03 4.899000e+00 9.490000e-02 -1.580000e+02
8.058422e+03 4.899000e+00 9.500000e-02 -1.590000e+02
8.094744e+03 4.899000e+00 9.470000e-02 -1.560000e+02
8.131230e+03 4.899000e+00 9.430000e-02 -1.560000e+02
8.167880e+03 4.899000e+00 9.530000e-02 -1.580000e+02
8.204696e+03 4.899000e+00 9.560000e-02 -1.560000e+02
8.241678e+03 4.899000e+00 9.460000e-02 -1.570000e+02
8.278826e+03 4.899000e+00 9.420000e-02 -1.560000e+02
8.316142e+03 4.899000e+00 9.470000e-02 -1.560000e+02
8.353625e+03 4.899000e+00 9.480000e-02 -1.560000e+02
8.391278e+03 4.899000e+00 9.460000e-02 -1.560000e+02
8.429101e+03 4.899000e+00 9.360000e-02 -1.580000e+02
8.467094e+03 4.899000e+00 9.480000e-02 -1.570000e+02
8.505258e+03 4.899000e+00 9.460000e-02 -1.560000e+02
8.543594e+03 4.899000e+00 9.410000e-02 -1.560000e+02
8.582104e+03 4.899000e+00 9.390000e-02 -1.570000e+02
8.620786e+03 4.899000e+00 9.380000e-02 -1.580000e+02
8.659643e+03 4.899000e+00 9.350000e-02 -1.560000e+02
8.698675e+03 4.899000e+00 9.340000e-02 -1.550000e+02
8.737883e+03 4.899000e+00 9.370000e-02 -1.550000e+02
8.777268e+03 4.899000e+00 9.280000e-02 -1.570000e+02
8.816831e+03 4.899000e+00 9.400000e-02 -1.550000e+02
8.856571e+03 4.899000e+00 9.390000e-02 -1.550000e+02
8.896491e+03 4.899000e+00 9.290000e-02 -1.560000e+02
8.936591e+03 4.899000e+00 9.340000e-02 -1.570000e+02
8.976871e+03 4.899000e+00 9.340000e-02 -1.560000e+02
9.017333e+03 4.899000e+00 9.360000e-02 -1.540000e+02
9.057978e+03 4.899000e+00 9.260000e-02 -1.540000e+02
9.098805e+03 4.899000e+00 9.290000e-02 -1.560000e+02
9.139817e+03 4.899000e+00 9.310000e-02 -1.560000e+02
9.181013e+03 4.899000e+00 9.320000e-02 -1.560000e+02
9.222396e+03 4.899000e+00 9.320000e-02 -1.540000e+02
9.263964e+03 4.899000e+00 9.310000e-02 -1.540000e+02
9.305720e+03 4.899000e+00 9.230000e-02 -1.540000e+02
9.347665e+03 4.899000e+00 9.320000e-02 -1.540000e+02
9.389798e+03 4.899000e+00 9.280000e-02 -1.540000e+02
9.432121e+03 4.899000e+00 9.230000e-02 -1.550000e+02
9.474635e+03 4.899000e+00 9.300000e-02 -1.540000e+02
9.517341e+03 4.899000e+00 9.210000e-02 -1.540000e+02
9.560239e+03 4.899000e+00 9.190000e-02 -1.550000e+02
9.603330e+03 4.899000e+00 9.260000e-02 -1.540000e+02
9.646616e+03 4.899000e+00 9.150000e-02 -1.540000e+02
9.690097e+03 4.899000e+00 9.170000e-02 -1.540000e+02
9.733774e+03 4.899000e+00 9.230000e-02 -1.530000e+02
9.777647e+03 4.899000e+00 9.150000e-02 -1.530000e+02
9.821719e+03 4.899000e+00 9.170000e-02 -1.540000e+02
9.865989e+03 4.899000e+00 9.230000e-02 -1.540000e+02
9.910459e+03 4.902000e+00 9.170000e-02 -1.530000e+02
9.955129e+03 4.899000e+00 9.120000e-02 -1.530000e+02
1.000000e+04 4.899000e+00 9.160000e-02 -1.530000e+02
1.004507e+04 4.902000e+00 9.180000e-02 -1.530000e+02
1.009035e+04 4.902000e+00 9.150000e-02 -1.520000e+02
1.013583e+04 4.902000e+00 9.080000e-02 -1.530000e+02
1.018152e+04 4.899000e+00 9.110000e-02 -1.520000e+02
1.022741e+04 4.899000e+00 9.080000e-02 -1.520000e+02
1.027351e+04 4.899000e+00 9.040000e-02 -1.520000e+02
1.031981e+04 4.899000e+00 9.100000e-02 -1.520000e+02
1.036633e+04 4.899000e+00 9.120000e-02 -1.520000e+02
1.041305e+04 4.902000e+00 9.110000e-02 -1.520000e+02
1.045999e+04 4.902000e+00 9.080000e-02 -1.530000e+02
1.050714e+04 4.902000e+00 9.060000e-02 -1.510000e+02
1.055450e+04 4.899000e+00 9.090000e-02 -1.520000e+02
1.060207e+04 4.902000e+00 9.170000e-02 -1.510000e+02
1.064986e+04 4.902000e+00 9.080000e-02 -1.520000e+02
1.069786e+04 4.899000e+00 9.080000e-02 -1.510000e+02
1.074608e+04 4.902000e+00 8.990000e-02 -1.510000e+02
1.079451e+04 4.899000e+00 8.960000e-02 -1.510000e+02
1.084317e+04 4.899000e+00 9.100000e-02 -1.520000e+02
1.089204e+04 4.899000e+00 8.980000e-02 -1.520000e+02
1.094114e+04 4.899000e+00 9.050000e-02 -1.520000e+02
1.099045e+04 4.899000e+00 8.940000e-02 -1.500000e+02
1.103999e+04 4.899000e+00 8.990000e-02 -1.510000e+02
1.108975e+04 4.899000e+00 8.960000e-02 -1.500000e+02
1.113974e+04 4.902000e+00 9.040000e-02 -1.500000e+02
1.118995e+04 4.902000e+00 9.010000e-02 -1.500000e+02
1.124039e+04 4.902000e+00 9.040000e-02 -1.500000e+02
1.129105e+04 4.899000e+00 9.010000e-02 -1.520000e+02
1.134194e+04 4.902000e+00 8.990000e-02 -1.510000e+02
1.139307e+04 4.902000e+00 8.950000e-02 -1.500000e+02
1.144442e+04 4.902000e+00 8.940000e-02 -1.510000e+02
1.149600e+04 4.899000e+00 8.940000e-02 -1.510000e+02
1.154782e+04 4.899000e+00 8.850000e-02 -1.510000e+02
1.159987e+04 4.902000e+00 8.880000e-02 -1.500000e+02
1.165215e+04 4.899000e+00 8.920000e-02 -1.500000e+02
1.170468e+04 4.902000e+00 8.810000e-02 -1.500000e+02
1.175743e+04 4.902000e+00 8.850000e-02 -1.480000e+02
1.181043e+04 4.899000e+00 8.900000e-02 -1.490000e+02
1.186366e+04 4.899000e+00 8.800000e-02 -1.490000e+02
1.191714e+04 4.899000e+00 8.770000e-02 -1.490000e+02
1.197085e+04 4.899000e+00 8.830000e-02 -1.490000e+02
1.202481e+04 4.902000e+00 8.800000e-02 -1.480000e+02
1.207901e+04 4.899000e+00 8.780000e-02 -1.480000e+02
1.213345e+04 4.902000e+00 8.770000e-02 -1.480000e+02
1.218814e+04 4.899000e+00 8.820000e-02 -1.480000e+02
1.224308e+04 4.899000e+00 8.770000e-02 -1.490000e+02
1.229826e+04 4.899000e+00 8.870000e-02 -1.480000e+02
1.235370e+04 4.899000e+00 8.870000e-02 -1.480000e+02
1.240938e+04 4.899000e+00 8.750000e-02 -1.470000e+02
1.246531e+04 4.902000e+00 8.810000e-02 -1.470000e+02
1.252150e+04 4.899000e+00 8.750000e-02 -1.470000e+02
1.257794e+04 4.902000e+00 8.740000e-02 -1.480000e+02
1.263463e+04 4.899000e+00 8.650000e-02 -1.470000e+02
1.269158e+04 4.899000e+00 8.710000e-02 -1.470000e+02
1.274878e+04 4.899000e+00 8.690000e-02 -1.480000e+02
1.280625e+04 4.902000e+00 8.710000e-02 -1.480000e+02
1.286397e+04 4.899000e+00 8.670000e-02 -1.470000e+02
1.292195e+04 4.899000e+00 8.680000e-02 -1.460000e+02
1.298020e+04 4.899000e+00 8.670000e-02 -1.470000e+02
1.303870e+04 4.899000e+00 8.640000e-02 -1.460000e+02
1.309747e+04 4.899000e+00 8.730000e-02 -1.460000e+02
1.315651e+04 4.902000e+00 8.600000e-02 -1.460000e+02
1.321581e+04 4.899000e+00 8.660000e-02 -1.480000e+02
1.327538e+04 4.899000e+00 8.610000e-02 -1.460000e+02
1.333521e+04 4.899000e+00 8.640000e-02 -1.450000e+02
1.339532e+04 4.902000e+00 8.530000e-02 -1.450000e+02
1.345570e+04 4.902000e+00 8.500000e-02 -1.450000e+02
1.351635e+04 4.899000e+00 8.460000e-02 -1.450000e+02
1.357727e+04 4.899000e+00 8.570000e-02 -1.450000e+02
1.363847e+04 4.899000e+00 8.500000e-02 -1.450000e+02
1.369994e+04 4.899000e+00 8.560000e-02 -1.450000e+02
1.376169e+04 4.899000e+00 8.510000e-02 -1.450000e+02
1.382372e+04 4.899000e+00 8.490000e-02 -1.430000e+02
1.388603e+04 4.899000e+00 8.410000e-02 -1.430000e+02
1.394862e+04 4.899000e+00 8.590000e-02 -1.440000e+02
1.401149e+04 4.899000e+00 8.490000e-02 -1.430000e+02
1.407465e+04 4.899000e+00 8.500000e-02 -1.450000e+02
1.413809e+04 4.899000e+00 8.450000e-02 -1.440000e+02
1.420181e+04 4.899000e+00 8.460000e-02 -1.440000e+02
1.426582e+04 4.902000e+00 8.400000e-02 -1.420000e+02
1.433013e+04 4.899000e+00 8.400000e-02 -1.440000e+02
1.439472e+04 4.902000e+00 8.360000e-02 -1.440000e+02
1.445960e+04 4.899000e+00 8.400000e-02 -1.440000e+02
1.452477e+04 4.899000e+00 8.400000e-02 -1.430000e+02
1.459024e+04 4.899000e+00 8.280000e-02 -1.430000e+02
1.465601e+04 4.899000e+00 8.360000e-02 -1.430000e+02
1.472207e+04 4.902000e+00 8.340000e-02 -1.410000e+02
1.478842e+04 4.899000e+00 8.330000e-02 -1.410000e+02
1.485508e+04 4.899000e+00 8.310000e-02 -1.430000e+02
1.492204e+04 4.899000e+00 8.280000e-02 -1.430000e+02
1.498930e+04 4.899000e+00 8.290000e-02 -1.410000e+02
1.505686e+04 4.899000e+00 8.310000e-02 -1.410000e+02
1.512473e+04 4.899000e+00 8.200000e-02 -1.410000e+02
1.519290e+04 4.899000e+00 8.230000e-02 -1.400000e+02
1.526138e+04 4.899000e+00 8.240000e-02 -1.420000e+02
1.533017e+04 4.899000e+00 8.260000e-02 -1.420000e+02
1.539927e+04 4.899000e+00 8.220000e-02 -1.400000e+02
1.546868e+04 4.899000e+00 8.200000e-02 -1.400000e+02
1.553840e+04 4.899000e+00 8.290000e-02 -1.410000e+02
1.560844e+04 4.899000e+00 8.210000e-02 -1.400000e+02
1.567879e+04 4.899000e+00 8.150000e-02 -1.400000e+02
1.574946e+04 4.899000e+00 8.320000e-02 -1.410000e+02
1.582045e+04 4.899000e+00 8.120000e-02 -1.390000e+02
1.589176e+04 4.899000e+00 8.040000e-02 -1.410000e+02
1.596339e+04 4.899000e+00 8.100000e-02 -1.380000e+02
1.603534e+04 4.899000e+00 8.070000e-02 -1.390000e+02
1.610762e+04 4.899000e+00 8.070000e-02 -1.390000e+02
1.618022e+04 4.899000e+00 8.070000e-02 -1.390000e+02
1.625315e+04 4.899000e+00 7.990000e-02 -1.380000e+02
1.632641e+04 4.899000e+00 7.970000e-02 -1.390000e+02
1.640000e+04 4.899000e+00 8.020000e-02 -1.410000e+02
1.647392e+04 4.899000e+00 7.970000e-02 -1.400000e+02
1.654817e+04 4.899000e+00 7.920000e-02 -1.390000e+02
1.662276e+04 4.899000e+00 7.950000e-02 -1.380000e+02
1.669768e+04 4.899000e+00 7.950000e-02 -1.390000e+02
1.677295e+04 4.899000e+00 8.050000e-02 -1.370000e+02
1.684855e+04 4.899000e+00 7.910000e-02 -1.380000e+02
1.692449e+04 4.899000e+00 7.950000e-02 -1.390000e+02
1.700078e+04 4.899000e+00 7.900000e-02 -1.370000e+02
1.707740e+04 4.899000e+00 7.880000e-02 -1.390000e+02
1.715438e+04 4.899000e+00 7.850000e-02 -1.380000e+02
1.723170e+04 4.899000e+00 7.890000e-02 -1.370000e+02
1.730937e+04 4.899000e+00 7.820000e-02 -1.370000e+02
1.738739e+04 4.899000e+00 7.810000e-02 -1.360000e+02
1.746576e+04 4.864000e+00 7.760000e-02 -1.370000e+02
1.754449e+04 4.899000e+00 7.780000e-02 -1.360000e+02
1.762356e+04 4.899000e+00 7.820000e-02 -1.380000e+02
1.770300e+04 4.899000e+00 7.690000e-02 -1.370000e+02
1.778279e+04 4.899000e+00 7.730000e-02 -1.360000e+02
1.786295e+04 4.899000e+00 7.700000e-02 -1.370000e+02
1.794346e+04 4.899000e+00 7.700000e-02 -1.360000e+02
1.802434e+04 4.864000e+00 7.710000e-02 -1.360000e+02
1.810558e+04 4.897000e+00 7.710000e-02 -1.340000e+02
1.818719e+04 4.864000e+00 7.660000e-02 -1.360000e+02
1.826917e+04 4.864000e+00 7.660000e-02 -1.350000e+02
1.835151e+04 4.864000e+00 7.640000e-02 -1.370000e+02
1.843423e+04 4.897000e+00 7.570000e-02 -1.350000e+02
1.851732e+04 4.864000e+00 7.620000e-02 -1.350000e+02
1.860078e+04 4.887000e+00 7.660000e-02 -1.340000e+02
1.868462e+04 4.889000e+00 7.540000e-02 -1.330000e+02
1.876884e+04 4.864000e+00 7.540000e-02 -1.340000e+02
1.885344e+04 4.887000e+00 7.540000e-02 -1.340000e+02
1.893842e+04 4.887000e+00 7.550000e-02 -1.340000e+02
1.902378e+04 4.864000e+00 7.530000e-02 -1.330000e+02
1.910953e+04 4.887000e+00 7.500000e-02 -1.340000e+02
1.919566e+04 4.887000e+00 7.450000e-02 -1.340000e+02
1.928219e+04 4.887000e+00 7.400000e-02 -1.330000e+02
1.936910e+04 4.887000e+00 7.440000e-02 -1.320000e+02
1.945640e+04 4.884000e+00 7.370000e-02 -1.340000e+02
1.954410e+04 4.884000e+00 7.360000e-02 -1.340000e+02
1.963219e+04 4.884000e+00 7.380000e-02 -1.340000e+02
1.972068e+04 4.884000e+00 7.340000e-02 -1.330000e+02
1.980957e+04 4.882000e+00 7.320000e-02 -1.330000e+02
1.989886e+04 4.907000e+00 7.330000e-02 -1.310000e+02
1.998855e+04 4.905000e+00 7.400000e-02 -1.330000e+02
2.007864e+04 4.905000e+00 7.360000e-02 -1.330000e+02
2.016915e+04 4.902000e+00 7.270000e-02 -1.340000e+02
2.026006e+04 4.899000e+00 7.230000e-02 -1.310000e+02
2.035137e+04 4.899000e+00 7.220000e-02 -1.310000e+02
2.044311e+04 4.902000e+00 7.150000e-02 -1.330000e+02
2.053525e+04 4.902000e+00 7.220000e-02 -1.310000e+02
2.062781e+04 4.902000e+00 7.200000e-02 -1.320000e+02
2.072079e+04 4.899000e+00 7.120000e-02 -1.320000e+02
2.081418e+04 4.899000e+00 7.160000e-02 -1.310000e+02
2.090800e+04 4.899000e+00 7.160000e-02 -1.310000e+02
2.100224e+04 4.902000e+00 7.110000e-02 -1.310000e+02
2.109691e+04 4.899000e+00 7.080000e-02 -1.310000e+02
2.119200e+04 4.899000e+00 7.060000e-02 -1.310000e+02
2.128752e+04 4.902000e+00 7.110000e-02 -1.310000e+02
2.138347e+04 4.899000e+00 7.050000e-02 -1.310000e+02
2.147985e+04 4.902000e+00 7.070000e-02 -1.310000e+02
2.157667e+04 4.899000e+00 7.080000e-02 -1.290000e+02
2.167392e+04 4.902000e+00 6.990000e-02 -1.290000e+02
2.177161e+04 4.902000e+00 6.970000e-02 -1.300000e+02
2.186975e+04 4.902000e+00 6.990000e-02 -1.290000e+02
2.196832e+04 4.902000e+00 7.050000e-02 -1.300000e+02
2.206734e+04 4.902000e+00 6.960000e-02 -1.290000e+02
2.216681e+04 4.905000e+00 6.980000e-02 -1.300000e+02
2.226672e+04 4.902000e+00 6.910000e-02 -1.290000e+02
2.236708e+04 4.905000e+00 6.930000e-02 -1.290000e+02
2.246790e+04 4.879000e+00 6.860000e-02 -1.280000e+02
2.256917e+04 4.879000e+00 7.040000e-02 -1.290000e+02
2.267090e+04 4.882000e+00 6.870000e-02 -1.270000e+02
2.277309e+04 4.882000e+00 6.820000e-02 -1.280000e+02
2.287573e+04 4.882000e+00 6.790000e-02 -1.280000e+02
2.297884e+04 4.910000e+00 6.790000e-02 -1.280000e+02
2.308242e+04 4.882000e+00 6.790000e-02 -1.270000e+02
2.318646e+04 4.884000e+00 6.800000e-02 -1.270000e+02
2.329097e+04 4.884000e+00 6.780000e-02 -1.260000e+02
2.339595e+04 4.884000e+00 6.750000e-02 -1.270000e+02
2.350140e+04 4.910000e+00 6.710000e-02 -1.270000e+02
2.360733e+04 4.884000e+00 6.760000e-02 -1.260000e+02
2.371374e+04 4.884000e+00 6.680000e-02 -1.270000e+02
2.382062e+04 4.884000e+00 6.650000e-02 -1.280000e+02
2.392799e+04 4.884000e+00 6.660000e-02 -1.260000e+02
2.403584e+04 4.884000e+00 6.690000e-02 -1.260000e+02
2.414418e+04 4.884000e+00 6.710000e-02 -1.260000e+02
2.425301e+04 4.884000e+00 6.600000e-02 -1.250000e+02
2.436233e+04 4.884000e+00 6.610000e-02 -1.260000e+02
2.447214e+04 4.884000e+00 6.560000e-02 -1.250000e+02
2.458244e+04 4.887000e+00 6.610000e-02 -1.250000e+02
2.469324e+04 4.887000e+00 6.570000e-02 -1.260000e+02
2.480454e+04 4.887000e+00 6.590000e-02 -1.250000e+02
2.491635e+04 4.887000e+00 6.490000e-02 -1.250000e+02
2.502865e+04 4.864000e+00 6.560000e-02 -1.260000e+02
2.514147e+04 4.864000e+00 6.640000e-02 -1.240000e+02
2.525479e+04 4.864000e+00 6.480000e-02 -1.240000e+02
2.536862e+04 4.864000e+00 6.460000e-02 -1.240000e+02
2.548297e+04 4.864000e+00 6.420000e-02 -1.250000e+02
2.559783e+04 4.864000e+00 6.450000e-02 -1.240000e+02
2.571321e+04 4.864000e+00 6.370000e-02 -1.250000e+02
2.582911e+04 4.864000e+00 6.330000e-02 -1.260000e+02
2.594553e+04 4.864000e+00 6.320000e-02 -1.250000e+02
2.606247e+04 4.864000e+00 6.360000e-02 -1.260000e+02
2.617995e+04 4.864000e+00 6.360000e-02 -1.240000e+02
2.629795e+04 4.864000e+00 6.240000e-02 -1.230000e+02
2.641648e+04 4.864000e+00 6.290000e-02 -1.240000e+02
2.653555e+04 4.864000e+00 6.270000e-02 -1.230000e+02
2.665516e+04 4.864000e+00 6.210000e-02 -1.220000e+02
2.677530e+04 4.864000e+00 6.250000e-02 -1.240000e+02
2.689599e+04 4.864000e+00 6.200000e-02 -1.220000e+02
2.701722e+04 4.864000e+00 6.210000e-02 -1.220000e+02
2.713899e+04 4.864000e+00 6.120000e-02 -1.210000e+02
2.726132e+04 4.864000e+00 6.170000e-02 -1.230000e+02
2.738420e+04 4.864000e+00 6.180000e-02 -1.230000e+02
2.750763e+04 4.864000e+00 6.110000e-02 -1.230000e+02
2.763161e+04 4.864000e+00 6.200000e-02 -1.220000e+02
2.775616e+04 4.864000e+00 6.100000e-02 -1.220000e+02
2.788127e+04 4.864000e+00 6.100000e-02 -1.210000e+02
2.800694e+04 4.899000e+00 6.080000e-02 -1.220000e+02
2.813318e+04 4.897000e+00 6.020000e-02 -1.210000e+02
2.825998e+04 4.864000e+00 6.040000e-02 -1.210000e+02
2.838736e+04 4.864000e+00 6.060000e-02 -1.210000e+02
2.851531e+04 4.864000e+00 6.000000e-02 -1.200000e+02
2.864384e+04 4.899000e+00 5.950000e-02 -1.200000e+02
2.877295e+04 4.899000e+00 5.970000e-02 -1.190000e+02
2.890264e+04 4.899000e+00 5.920000e-02 -1.210000e+02
2.903291e+04 4.864000e+00 5.940000e-02 -1.200000e+02
2.916378e+04 4.899000e+00 5.870000e-02 -1.190000e+02
2.929523e+04 4.899000e+00 5.940000e-02 -1.190000e+02
2.942727e+04 4.864000e+00 5.930000e-02 -1.200000e+02
2.955991e+04 4.899000e+00 5.830000e-02 -1.200000e+02
2.969315e+04 4.899000e+00 5.960000e-02 -1.210000e+02
2.982699e+04 4.899000e+00 5.880000e-02 -1.190000e+02
2.996143e+04 4.899000e+00 5.810000e-02 -1.210000e+02
3.009647e+04 4.899000e+00 5.770000e-02 -1.180000e+02
3.023213e+04 4.899000e+00 5.820000e-02 -1.180000e+02
3.036840e+04 4.899000e+00 5.810000e-02 -1.190000e+02
3.050528e+04 4.899000e+00 5.720000e-02 -1.190000e+02
3.064278e+04 4.899000e+00 5.780000e-02 -1.200000e+02
3.078090e+04 4.899000e+00 5.680000e-02 -1.160000e+02
3.091964e+04 4.932000e+00 5.670000e-02 -1.190000e+02
3.105900e+04 4.899000e+00 5.650000e-02 -1.160000e+02
3.119900e+04 4.899000e+00 5.640000e-02 -1.190000e+02
3.133962e+04 4.935000e+00 5.650000e-02 -1.170000e+02
3.148088e+04 4.935000e+00 5.650000e-02 -1.170000e+02
3.162278e+04 4.932000e+00 5.690000e-02 -1.180000e+02
3.176531e+04 4.932000e+00 5.610000e-02 -1.160000e+02
3.190849e+04 4.932000e+00 5.560000e-02 -1.170000e+02
3.205231e+04 4.935000e+00 5.610000e-02 -1.160000e+02
3.219678e+04 4.935000e+00 5.560000e-02 -1.140000e+02
3.234191e+04 4.935000e+00 5.480000e-02 -1.160000e+02
3.248768e+04 4.935000e+00 5.580000e-02 -1.160000e+02
3.263412e+04 4.935000e+00 5.500000e-02 -1.160000e+02
3.278121e+04 4.902000e+00 5.520000e-02 -1.160000e+02
3.292897e+04 4.935000e+00 5.490000e-02 -1.160000e+02
3.307739e+04 4.902000e+00 5.420000e-02 -1.150000e+02
3.322648e+04 4.937000e+00 5.520000e-02 -1.140000e+02
3.337625e+04 4.937000e+00 5.340000e-02 -1.160000e+02
3.352669e+04 4.937000e+00 5.430000e-02 -1.150000e+02
3.367780e+04 4.935000e+00 5.350000e-02 -1.150000e+02
3.382960e+04 4.935000e+00 5.410000e-02 -1.140000e+02
3.398208e+04 4.935000e+00 5.310000e-02 -1.130000e+02
3.413525e+04 4.935000e+00 5.290000e-02 -1.160000e+02
3.428911e+04 4.935000e+00 5.310000e-02 -1.130000e+02
3.444367e+04 4.935000e+00 5.320000e-02 -1.150000e+02
3.459892e+04 4.937000e+00 5.370000e-02 -1.150000e+02
3.475487e+04 4.937000e+00 5.250000e-02 -1.140000e+02
3.491152e+04 4.937000e+00 5.260000e-02 -1.140000e+02
3.506888e+04 4.937000e+00 5.180000e-02 -1.130000e+02
3.522695e+04 4.937000e+00 5.180000e-02 -1.140000e+02
3.538573e+04 4.937000e+00 5.160000e-02 -1.130000e+02
3.554522e+04 4.937000e+00 5.120000e-02 -1.130000e+02
3.570544e+04 4.937000e+00 5.100000e-02 -1.140000e+02
3.586638e+04 4.937000e+00 5.080000e-02 -1.120000e+02
3.602804e+04 4.937000e+00 5.050000e-02 -1.130000e+02
3.619043e+04 4.937000e+00 5.140000e-02 -1.120000e+02
3.635355e+04 4.937000e+00 5.040000e-02 -1.120000e+02
3.651741e+04 4.937000e+00 5.080000e-02 -1.120000e+02
3.668201e+04 4.937000e+00 4.980000e-02 -1.120000e+02
3.684735e+04 4.937000e+00 5.020000e-02 -1.130000e+02
3.701343e+04 4.940000e+00 5.020000e-02 -1.080000e+02
3.718027e+04 4.940000e+00 5.020000e-02 -1.130000e+02
3.734785e+04 4.937000e+00 5.020000e-02 -1.120000e+02
3.751619e+04 4.937000e+00 4.910000e-02 -1.110000e+02
3.768529e+04 4.940000e+00 4.960000e-02 -1.110000e+02
3.785515e+04 4.940000e+00 4.880000e-02 -1.100000e+02
3.802578e+04 4.942000e+00 4.890000e-02 -1.110000e+02
3.819718e+04 4.940000e+00 4.840000e-02 -1.100000e+02
3.836934e+04 4.940000e+00 4.870000e-02 -1.120000e+02
3.854229e+04 4.942000e+00 4.780000e-02 -1.100000e+02
3.871601e+04 4.940000e+00 4.830000e-02 -1.110000e+02
3.889052e+04 4.942000e+00 4.790000e-02 -1.100000e+02
3.906581e+04 4.940000e+00 4.820000e-02 -1.090000e+02
3.924190e+04 4.940000e+00 4.730000e-02 -1.090000e+02
3.941878e+04 4.942000e+00 4.730000e-02 -1.090000e+02
3.959645e+04 4.940000e+00 4.730000e-02 -1.100000e+02
3.977493e+04 4.940000e+00 4.710000e-02 -1.100000e+02
3.995421e+04 4.940000e+00 4.680000e-02 -1.100000e+02
4.013429e+04 4.942000e+00 4.760000e-02 -1.100000e+02
4.031519e+04 4.942000e+00 4.710000e-02 -1.090000e+02
4.049691e+04 4.942000e+00 4.660000e-02 -1.120000e+02
4.067944e+04 4.942000e+00 4.680000e-02 -1.080000e+02
4.086280e+04 4.942000e+00 4.600000e-02 -1.100000e+02
4.104698e+04 4.942000e+00 4.640000e-02 -1.090000e+02
4.123200e+04 4.942000e+00 4.660000e-02 -1.090000e+02
4.141785e+04 4.942000e+00 4.610000e-02 -1.090000e+02
4.160453e+04 4.942000e+00 4.610000e-02 -1.100000e+02
4.179206e+04 4.942000e+00 4.590000e-02 -1.100000e+02
4.198043e+04 4.942000e+00 4.570000e-02 -1.100000e+02
4.216965e+04 4.942000e+00 4.510000e-02 -1.100000e+02
4.235972e+04 4.942000e+00 4.560000e-02 -1.070000e+02
4.255066e+04 4.942000e+00 4.470000e-02 -1.090000e+02
4.274245e+04 4.942000e+00 4.500000e-02 -1.100000e+02
4.293510e+04 4.942000e+00 4.440000e-02 -1.090000e+02
4.312863e+04 4.942000e+00 4.450000e-02 -1.080000e+02
4.332302e+04 4.942000e+00 4.500000e-02 -1.080000e+02
4.351830e+04 4.945000e+00 4.410000e-02 -1.090000e+02
4.371445e+04 4.942000e+00 4.410000e-02 -1.070000e+02
4.391149e+04 4.942000e+00 4.340000e-02 -1.080000e+02
4.410941e+04 4.945000e+00 4.320000e-02 -1.090000e+02
4.430823e+04 4.942000e+00 4.280000e-02 -1.070000e+02
4.450794e+04 4.945000e+00 4.360000e-02 -1.070000e+02
4.470855e+04 4.942000e+00 4.320000e-02 -1.050000e+02
4.491007e+04 4.945000e+00 4.310000e-02 -1.050000e+02
4.511250e+04 4.945000e+00 4.260000e-02 -1.070000e+02
4.531584e+04 4.942000e+00 4.210000e-02 -1.060000e+02
4.552009e+04 4.945000e+00 4.210000e-02 -1.050000e+02
4.572527e+04 4.945000e+00 4.240000e-02 -1.050000e+02
4.593137e+04 4.945000e+00 4.220000e-02 -1.070000e+02
4.613840e+04 4.945000e+00 4.180000e-02 -1.070000e+02
4.634636e+04 4.945000e+00 4.210000e-02 -1.040000e+02
4.655526e+04 4.945000e+00 4.130000e-02 -1.050000e+02
4.676510e+04 4.945000e+00 4.150000e-02 -1.030000e+02
4.697589e+04 4.947000e+00 4.160000e-02 -1.070000e+02
4.718763e+04 4.947000e+00 4.090000e-02 -1.050000e+02
4.740032e+04 4.945000e+00 4.130000e-02 -1.040000e+02
4.761397e+04 4.947000e+00 4.100000e-02 -1.040000e+02
4.782858e+04 4.945000e+00 4.040000e-02 -1.050000e+02
4.804416e+04 4.950000e+00 4.030000e-02 -1.040000e+02
4.826071e+04 4.947000e+00 4.050000e-02 -1.060000e+02
4.847824e+04 4.947000e+00 4.040000e-02 -1.030000e+02
4.869675e+04 4.947000e+00 3.970000e-02 -1.040000e+02
4.891625e+04 4.947000e+00 4.020000e-02 -1.000000e+02
4.913673e+04 4.947000e+00 4.000000e-02 -1.030000e+02
4.935821e+04 4.947000e+00 3.970000e-02 -1.030000e+02
4.958068e+04 4.947000e+00 3.960000e-02 -1.040000e+02
4.980416e+04 4.947000e+00 3.940000e-02 -1.040000e+02
5.002865e+04 4.950000e+00 3.930000e-02 -1.000000e+02
5.025414e+04 4.947000e+00 3.890000e-02 -1.010000e+02
5.048066e+04 4.950000e+00 3.850000e-02 -1.000000e+02
5.070819e+04 4.950000e+00 3.850000e-02 -1.020000e+02
5.093675e+04 4.950000e+00 3.860000e-02 -1.020000e+02
5.116634e+04 4.952000e+00 3.770000e-02 -1.030000e+02
5.139697e+04 4.952000e+00 3.830000e-02 -1.040000e+02
5.162863e+04 4.955000e+00 3.800000e-02 -1.030000e+02
5.186134e+04 4.950000e+00 3.840000e-02 -1.030000e+02
5.209510e+04 4.952000e+00 3.800000e-02 -1.010000e+02
5.232991e+04 4.952000e+00 3.750000e-02 -1.030000e+02
5.256578e+04 4.952000e+00 3.720000e-02 -9.900000e+01
5.280271e+04 4.952000e+00 3.680000e-02 -1.020000e+02
5.304072e+04 4.952000e+00 3.720000e-02 -1.010000e+02
5.327979e+04 4.952000e+00 3.740000e-02 -1.020000e+02
5.351994e+04 4.952000e+00 3.690000e-02 -9.800000e+01
5.376117e+04 4.952000e+00 3.650000e-02 -1.000000e+02
5.400350e+04 4.952000e+00 3.690000e-02 -1.010000e+02
5.424691e+04 4.952000e+00 3.620000e-02 -9.900000e+01
5.449142e+04 4.952000e+00 3.650000e-02 -9.900000e+01
5.473703e+04 4.955000e+00 3.600000e-02 -1.000000e+02
5.498375e+04 4.955000e+00 3.610000e-02 -1.000000e+02
5.523158e+04 4.955000e+00 3.620000e-02 -1.000000e+02
5.548053e+04 4.955000e+00 3.590000e-02 -9.900000e+01
5.573060e+04 4.955000e+00 3.620000e-02 -1.000000e+02
5.598180e+04 4.955000e+00 3.570000e-02 -9.800000e+01
5.623413e+04 4.955000e+00 3.590000e-02 -1.010000e+02
5.648760e+04 4.955000e+00 3.560000e-02 -9.900000e+01
5.674221e+04 4.955000e+00 3.500000e-02 -9.900000e+01
5.699797e+04 4.955000e+00 3.480000e-02 -1.000000e+02
5.725488e+04 4.955000e+00 3.510000e-02 -9.800000e+01
5.751295e+04 4.955000e+00 3.430000e-02 -9.800000e+01
5.777218e+04 4.955000e+00 3.480000e-02 -9.900000e+01
5.803258e+04 4.957000e+00 3.400000e-02 -9.800000e+01
5.829415e+04 4.957000e+00 3.380000e-02 -9.700000e+01
5.855691e+04 4.955000e+00 3.410000e-02 -9.900000e+01
5.882084e+04 4.957000e+00 3.400000e-02 -1.010000e+02
5.908597e+04 4.957000e+00 3.430000e-02 -9.900000e+01
5.935229e+04 4.960000e+00 3.370000e-02 -9.600000e+01
5.961982e+04 4.957000e+00 3.330000e-02 -9.800000e+01
5.988854e+04 4.957000e+00 3.320000e-02 -1.010000e+02
6.015848e+04 4.960000e+00 3.310000e-02 -9.600000e+01
6.042964e+04 4.957000e+00 3.300000e-02 -9.400000e+01
6.070202e+04 4.957000e+00 3.280000e-02 -9.800000e+01
6.097562e+04 4.957000e+00 3.260000e-02 -9.700000e+01
6.125046e+04 4.957000e+00 3.250000e-02 -9.800000e+01
6.152654e+04 4.960000e+00 3.220000e-02 -9.500000e+01
6.180386e+04 4.957000e+00 3.230000e-02 -9.600000e+01
6.208244e+04 4.957000e+00 3.220000e-02 -9.600000e+01
6.236226e+04 4.957000e+00 3.250000e-02 -9.600000e+01
6.264335e+04 4.957000e+00 3.200000e-02 -9.700000e+01
6.292571e+04 4.957000e+00 3.190000e-02 -9.400000e+01
6.320934e+04 4.957000e+00 3.140000e-02 -9.300000e+01
6.349425e+04 4.960000e+00 3.130000e-02 -9.800000e+01
6.378044e+04 4.960000e+00 3.080000e-02 -9.600000e+01
6.406792e+04 4.960000e+00 3.140000e-02 -9.700000e+01
6.435670e+04 4.960000e+00 3.130000e-02 -9.300000e+01
6.464678e+04 4.960000e+00 3.100000e-02 -9.700000e+01
6.493816e+04 4.960000e+00 3.110000e-02 -9.700000e+01
6.523086e+04 4.962000e+00 3.100000e-02 -9.500000e+01
6.552488e+04 4.962000e+00 3.110000e-02 -9.500000e+01
6.582023e+04 4.960000e+00 3.090000e-02 -9.200000e+01
6.611690e+04 4.960000e+00 3.010000e-02 -9.300000e+01
6.641492e+04 4.962000e+00 3.020000e-02 -9.400000e+01
6.671427e+04 4.962000e+00 2.990000e-02 -9.500000e+01
6.701498e+04 4.962000e+00 2.910000e-02 -9.700000e+01
6.731704e+04 4.962000e+00 2.940000e-02 -9.300000e+01
6.762046e+04 4.962000e+00 2.960000e-02 -9.600000e+01
6.792525e+04 4.965000e+00 2.920000e-02 -9.400000e+01
6.823141e+04 4.962000e+00 2.890000e-02 -9.500000e+01
6.853896e+04 4.965000e+00 2.930000e-02 -9.300000e+01
6.884789e+04 4.965000e+00 2.900000e-02 -9.400000e+01
6.915821e+04 4.962000e+00 2.830000e-02 -9.200000e+01
6.946993e+04 4.965000e+00 2.880000e-02 -9.300000e+01
6.978306e+04 4.965000e+00 2.830000e-02 -9.200000e+01
7.009760e+04 4.965000e+00 2.860000e-02 -9.600000e+01
7.041355e+04 4.965000e+00 2.850000e-02 -9.100000e+01
7.073093e+04 4.962000e+00 2.810000e-02 -9.500000e+01
7.104974e+04 4.965000e+00 2.820000e-02 -9.300000e+01
7.136999e+04 4.962000e+00 2.830000e-02 -9.000000e+01
7.169168e+04 4.965000e+00 2.790000e-02 -9.300000e+01
7.201482e+04 4.965000e+00 2.730000e-02 -8.800000e+01
7.233942e+04 4.965000e+00 2.880000e-02 -9.300000e+01
7.266548e+04 4.965000e+00 2.770000e-02 -9.200000e+01
7.299301e+04 4.965000e+00 2.700000e-02 -9.000000e+01
7.332201e+04 4.965000e+00 2.750000e-02 -9.300000e+01
7.365250e+04 4.967000e+00 2.710000e-02 -9.200000e+01
7.398448e+04 4.965000e+00 2.720000e-02 -9.400000e+01
7.431795e+04 4.965000e+00 2.790000e-02 -8.800000e+01
7.465293e+04 4.967000e+00 2.700000e-02 -9.100000e+01
7.498942e+04 4.965000e+00 2.670000e-02 -8.900000e+01
7.532743e+04 4.965000e+00 2.660000e-02 -9.300000e+01
7.566695e+04 4.965000e+00 2.710000e-02 -9.300000e+01
7.600801e+04 4.965000e+00 2.660000e-02 -9.100000e+01
7.635061e+04 4.967000e+00 2.620000e-02 -9.200000e+01
7.669475e+04 4.965000e+00 2.660000e-02 -8.800000e+01
7.704044e+04 4.967000e+00 2.700000e-02 -9.600000e+01
7.738769e+04 4.967000e+00 2.610000e-02 -9.200000e+01
7.773650e+04 4.970000e+00 2.640000e-02 -9.300000e+01
7.808689e+04 4.967000e+00 2.590000e-02 -8.600000e+01
7.843886e+04 4.967000e+00 2.550000e-02 -9.000000e+01
7.879241e+04 4.967000e+00 2.560000e-02 -8.600000e+01
7.914755e+04 4.967000e+00 2.580000e-02 -8.700000e+01
7.950430e+04 4.967000e+00 2.490000e-02 -9.100000e+01
7.986266e+04 4.970000e+00 2.520000e-02 -9.100000e+01
8.022263e+04 4.967000e+00 2.460000e-02 -8.700000e+01
8.058422e+04 4.970000e+00 2.510000e-02 -9.100000e+01
8.094744e+04 4.967000e+00 2.480000e-02 -8.700000e+01
8.131230e+04 4.970000e+00 2.440000e-02 -8.800000e+01
8.167880e+04 4.970000e+00 2.500000e-02 -9.000000e+01
8.204696e+04 4.970000e+00 2.510000e-02 -8.700000e+01
8.241678e+04 4.970000e+00 2.390000e-02 -8.700000e+01
8.278826e+04 4.970000e+00 2.460000e-02 -8.900000e+01
8.316142e+04 4.970000e+00 2.420000e-02 -8.500000e+01
8.353625e+04 4.970000e+00 2.380000e-02 -8.800000e+01
8.391278e+04 4.970000e+00 2.410000e-02 -8.900000e+01
8.429101e+04 4.970000e+00 2.400000e-02 -8.900000e+01
8.467094e+04 4.972000e+00 2.420000e-02 -8.800000e+01
8.505258e+04 4.970000e+00 2.350000e-02 -8.300000e+01
8.543594e+04 4.970000e+00 2.290000e-02 -8.800000e+01
8.582104e+04 4.970000e+00 2.300000e-02 -8.700000e+01
8.620786e+04 4.970000e+00 2.350000e-02 -8.500000e+01
8.659643e+04 4.970000e+00 2.350000e-02 -8.400000e+01
8.698675e+04 4.970000e+00 2.290000e-02 -8.600000e+01
8.737883e+04 4.972000e+00 2.370000e-02 -8.700000e+01
8.777268e+04 4.972000e+00 2.310000e-02 -8.500000e+01
8.816831e+04 4.972000e+00 2.300000e-02 -8.900000e+01
8.856571e+04 4.970000e+00 2.310000e-02 -8.600000e+01
8.896491e+04 4.972000e+00 2.230000e-02 -8.800000e+01
8.936591e+04 4.972000e+00 2.290000e-02 -8.000000e+01
8.976871e+04 4.972000e+00 2.220000e-02 -8.900000e+01
9.017333e+04 4.972000e+00 2.230000e-02 -8.300000e+01
9.057978e+04 4.972000e+00 2.190000e-02 -8.500000e+01
9.098805e+04 4.972000e+00 2.270000e-02 -8.400000e+01
9.139817e+04 4.975000e+00 2.230000e-02 -8.600000e+01
9.181013e+04 4.972000e+00 2.240000e-02 -8.300000e+01
9.222396e+04 4.975000e+00 2.200000e-02 -8.700000e+01
9.263964e+04 4.975000e+00 2.180000e-02 -8.900000e+01
9.305720e+04 4.975000e+00 2.150000e-02 -8.600000e+01
9.347665e+04 4.972000e+00 2.120000e-02 -8.600000e+01
9.389798e+04 4.975000e+00 2.100000e-02 -8.500000e+01
9.432121e+04 4.975000e+00 2.140000e-02 -8.600000e+01
9.474635e+04 4.975000e+00 2.150000e-02 -8.400000e+01
9.517341e+04 4.975000e+00 2.110000e-02 -8.500000e+01
9.560239e+04 4.975000e+00 2.140000e-02 -8.300000e+01
9.603330e+04 4.975000e+00 2.090000e-02 -8.800000e+01
9.646616e+04 4.975000e+00 2.160000e-02 -8.300000e+01
9.690097e+04 4.977000e+00 2.070000e-02 -8.700000e+01
9.733774e+04 4.975000e+00 2.030000e-02 -8.300000e+01
9.777647e+04 4.975000e+00 2.080000e-02 -8.400000e+01
9.821719e+04 4.975000e+00 1.990000e-02 -8.000000e+01
9.865989e+04 4.975000e+00 2.090000e-02 -8.200000e+01
9.910459e+04 4.975000e+00 1.980000e-02 -8.100000e+01
9.955129e+04 4.977000e+00 2.060000e-02 -8.100000e+01
1.000000e+05 4.977000e+00 2.020000e-02 -8.600000e+01
